
Settings

NBA 25-26

Past 1 Week
Ease for Selected Position 
PF
vs Team	Value	pV	3V	rV	aV	sV	bV	fg%V	toV
vs MEM	1.00	1.68	1.81	2.27	-1.40	2.99	-0.76	0.73	1.63
vs CHI	0.87	2.85	3.06	-0.04	0.43	-0.69	-1.59	3.81	0.02
vs UTA	0.67	0.68	1.04	0.73	2.31	-0.19	0.84	0.77	0.68
vs WAS	0.53	1.19	0.61	2.41	0.89	0.15	0.74	-0.33	-0.94
vs MIL	0.50	0.60	0.66	0.76	1.15	-0.05	1.03	0.44	-0.06
vs OKC	0.28	0.57	1.10	-0.38	0.85	-0.18	-0.19	0.72	0.04
vs DEN	0.27	0.64	0.79	0.55	-0.03	-1.16	-0.02	0.69	0.96
vs POR	0.21	0.27	0.56	0.07	-0.57	0.94	1.25	-0.02	-0.67
vs CLE	0.20	0.05	0.52	-1.57	1.44	-0.41	-0.15	0.50	1.42
vs ORL	0.16	0.84	0.59	-1.64	-0.31	1.46	0.36	0.48	-0.34
vs NYK	0.16	-0.25	-0.07	-0.06	-1.00	-0.21	1.64	0.66	0.72
vs NOR	0.15	-0.42	-0.62	-0.41	-0.17	0.49	-0.77	-0.22	1.01
vs BOS	0.15	-0.23	-0.66	0.25	0.14	1.01	-0.65	0.14	1.36
vs GSW	0.11	-0.88	-1.09	1.06	0.03	-0.40	1.13	-0.55	1.65
vs ATL	0.03	0.30	-0.07	1.07	0.76	-0.27	0.09	0.23	-1.86
vs DET	0.03	1.21	0.23	-0.21	-2.16	2.43	1.05	0.23	-0.16
vs IND	0.02	-0.48	-0.92	0.00	1.04	-0.43	0.44	-0.45	0.91
vs PHI	-0.05	-0.40	-0.15	0.99	-0.29	-0.55	0.51	-0.20	-0.33
vs DAL	-0.14	0.00	0.05	0.15	-1.28	-1.17	0.90	0.26	-0.15
vs CHA	-0.16	-1.26	-1.00	-0.59	1.27	-0.26	-1.94	-1.39	0.25
vs LAC	-0.22	-0.57	-0.90	-0.82	-0.41	-0.09	-0.02	-0.44	1.26
vs BKN	-0.26	-0.53	-0.89	-0.15	-0.43	-0.54	1.22	-0.23	-0.77
vs TOR	-0.29	0.89	0.84	-0.51	-1.31	-1.58	-0.34	0.40	-0.98
vs MIA	-0.40	-0.89	-0.54	-0.33	0.80	0.65	-0.28	-0.95	-1.01
vs SAS	-0.50	-1.26	-0.95	0.11	-0.76	-0.68	0.44	-0.98	-0.39
vs LAL	-0.50	-1.19	-0.68	-0.76	0.11	0.54	-0.73	-0.92	-0.85
vs MIN	-0.56	0.02	-0.19	-1.88	-1.30	0.21	-1.92	0.49	-0.44
vs HOU	-0.65	-0.50	-0.56	-0.22	0.53	-1.04	-2.14	-1.03	-0.86
vs SAC	-0.73	-1.51	-1.50	-1.37	-0.45	-0.28	-0.14	-1.41	0.12
vs PHO	-0.89	-1.41	-1.08	0.53	0.13	-0.66	-0.02	-1.43	-2.21

NBA 25-26

Past 2 Weeks
Ease for Selected Position 
PF
vs Team	Value	pV	3V	rV	aV	sV	bV	fg%V	toV
vs MIL	0.93	0.89	1.18	-0.11	0.82	0.08	0.02	0.50	0.04
vs ORL	0.85	2.21	1.54	-1.86	1.46	0.94	1.15	1.89	0.43
vs MEM	0.73	1.58	1.55	1.56	-0.23	1.31	-0.21	0.64	0.49
vs UTA	0.56	0.39	0.56	0.27	2.58	0.17	-0.38	0.39	1.20
vs POR	0.44	0.67	0.45	0.51	-0.50	2.12	1.79	-0.31	-0.67
vs WAS	0.44	1.44	0.55	0.22	0.55	0.93	0.08	0.47	-0.21
vs BOS	0.38	1.29	1.09	-1.40	-0.47	0.10	-0.07	1.56	1.44
vs DEN	0.34	0.52	0.37	0.89	-0.15	-0.91	0.40	0.41	1.62
vs CHI	0.22	1.41	0.30	-0.32	-0.86	0.32	-1.15	1.31	1.04
vs NOR	0.17	-0.49	-0.78	0.26	0.99	0.88	0.68	-0.59	0.68
vs OKC	0.16	0.55	1.03	1.63	-0.31	-1.49	0.36	1.07	-1.28
vs ATL	0.14	-0.07	-0.58	1.90	0.87	0.33	0.00	0.30	-1.35
vs GSW	0.08	-0.25	-0.05	0.25	0.51	-1.72	0.93	0.07	1.07
vs PHI	0.07	-0.03	0.48	0.27	0.29	-0.54	0.53	0.44	-0.73
vs DET	0.06	0.16	0.99	-0.94	-2.51	2.05	2.29	0.44	-1.86
vs NYK	-0.04	-0.74	-0.29	-0.47	0.44	0.09	-0.17	0.87	0.00
vs IND	-0.05	0.27	-0.16	0.14	0.39	-0.37	-0.97	0.24	0.16
vs LAL	-0.08	-0.50	-0.34	-1.53	1.44	0.65	-1.42	0.02	1.05
vs DAL	-0.14	-0.08	0.38	1.45	-0.20	-1.29	-0.10	-0.06	0.78
vs LAC	-0.20	-1.00	-1.61	-0.28	0.16	0.18	0.61	-1.37	1.57
vs CLE	-0.22	-0.10	0.33	-1.07	0.67	-0.21	-1.16	-0.93	0.59
vs MIA	-0.34	-1.46	-0.43	0.32	0.05	0.44	-0.22	-0.84	-0.81
vs SAS	-0.36	-1.11	-0.13	0.74	-1.04	-0.59	0.48	-0.73	-0.77
vs MIN	-0.37	-0.27	-0.18	-2.27	0.10	0.62	-1.59	0.46	-0.10
vs BKN	-0.39	-0.44	-1.81	0.15	-0.52	-1.05	1.53	0.20	-1.48
vs PHO	-0.40	-0.58	-0.16	0.15	-0.45	-0.48	-1.00	0.02	-0.96
vs CHA	-0.51	-0.28	0.12	0.06	-1.62	0.29	-1.43	-1.13	-0.46
vs HOU	-0.75	-1.17	-1.12	-0.59	-0.91	-0.48	-1.28	-1.13	0.04
vs TOR	-0.78	-0.34	-0.17	-0.42	-0.36	-2.14	-0.61	-1.21	-1.64
vs SAC	-0.95	-2.48	-3.08	0.48	-1.18	-0.24	0.93	-2.99	0.12

NBA 25-26

Full Season
Ease for Selected Position 
PF
vs Team	Value	pV	3V	rV	aV	sV	bV	fg%V	toV
vs UTA	1.13	2.43	1.05	0.36	3.30	0.29	-0.22	1.71	1.33
vs WAS	0.74	1.29	0.04	1.89	0.92	1.73	0.02	-0.06	0.87
vs CHI	0.67	1.62	0.42	0.60	0.30	-0.31	0.95	0.87	1.64
vs DEN	0.61	0.50	0.92	0.11	1.34	0.03	0.17	0.57	1.89
vs MEM	0.61	0.96	1.85	0.32	0.86	1.37	0.89	-0.51	-0.23
vs ATL	0.53	0.85	0.21	1.72	0.53	1.06	0.17	-0.14	0.38
vs NOR	0.43	0.16	0.05	1.17	1.09	-0.24	1.83	-0.22	0.05
vs MIL	0.36	1.50	1.52	-0.01	0.20	0.11	-0.65	0.71	-0.12
vs LAL	0.30	0.67	1.64	-1.07	0.71	0.38	-1.27	2.39	0.93
vs POR	0.27	0.13	-0.83	0.08	0.41	3.03	1.83	-1.24	-0.96
vs ORL	0.08	0.75	0.02	-0.60	-1.74	0.31	0.92	1.78	0.94
vs BKN	-0.05	-0.37	-1.17	-0.22	0.13	0.14	0.50	0.83	-0.23
vs CHA	-0.11	0.14	0.24	-1.31	0.51	-0.43	-1.72	1.21	0.42
vs MIA	-0.14	-0.59	-0.69	1.04	0.05	0.14	0.99	-0.57	-1.59
vs TOR	-0.15	-0.17	-0.01	-0.29	-0.79	-0.38	0.18	0.80	-0.68
vs GSW	-0.19	-0.57	-0.42	0.93	0.17	0.61	-0.74	-0.17	-1.45
vs BOS	-0.19	0.49	1.58	-1.25	-1.10	-2.30	-0.33	0.52	0.71
vs OKC	-0.21	0.31	1.54	0.86	-0.48	-0.97	-0.59	-0.76	-1.74
vs HOU	-0.21	-0.98	-0.50	-2.27	-0.83	0.37	-1.23	-0.45	0.55
vs DET	-0.21	-0.39	0.18	-0.75	-0.69	0.07	2.13	-0.69	-1.73
vs CLE	-0.23	-0.10	-0.42	0.83	0.26	-0.76	-0.34	-0.93	-0.55
vs MIN	-0.24	-0.36	-0.30	-0.11	-0.92	0.23	-0.97	0.88	-0.54
vs SAC	-0.25	0.15	-0.62	0.04	0.38	-0.12	0.18	-0.40	0.00
vs SAS	-0.30	-2.10	-0.87	-0.73	0.04	-0.51	-0.73	-1.04	0.39
vs LAC	-0.39	-1.28	-1.35	-1.21	-0.91	0.49	-0.05	-0.37	1.23
vs PHI	-0.43	-1.01	-1.01	0.11	0.08	-1.74	1.20	-1.23	-0.23
vs NYK	-0.50	-0.86	0.58	-1.32	-1.08	-0.91	-0.60	-0.53	0.24
vs DAL	-0.56	-1.29	-0.79	0.76	-0.40	-0.43	-1.50	-1.93	0.60
vs IND	-0.63	-0.96	-2.20	1.20	-1.10	-1.01	-0.20	-0.60	-0.78
vs PHO	-0.72	-0.88	-0.66	-0.85	-1.23	-0.24	-0.81	-0.45	-1.35

Settings

NBA 25-26

Past 1 Week
Ease for Selected Position 
C
vs Team	Value	pV	3V	rV	aV	sV	bV	fg%V	toV
vs CHI	0.83	1.51	0.66	-0.10	1.71	1.67	0.50	1.18	0.38
vs PHO	0.78	1.72	2.00	1.44	0.13	0.46	-0.54	2.19	-0.36
vs LAC	0.57	0.96	1.29	-0.49	0.79	-0.21	-0.77	1.46	0.55
vs CLE	0.52	1.22	1.40	0.30	0.70	0.47	0.51	1.08	-0.97
vs MIN	0.51	0.89	0.99	1.29	-0.22	1.48	-0.46	0.20	0.45
vs UTA	0.49	1.83	1.69	0.04	0.25	-0.65	-0.11	1.77	-0.36
vs SAS	0.45	-0.07	0.67	1.04	0.76	-1.19	0.33	-0.25	0.86
vs MEM	0.40	1.22	1.33	-0.15	0.34	1.03	-0.59	1.06	1.14
vs SAC	0.29	0.41	0.15	-0.02	-0.86	1.31	1.41	-0.15	0.39
vs DEN	0.24	0.54	0.37	-0.17	-0.65	0.20	-0.02	0.26	1.70
vs GSW	0.19	0.77	0.79	0.87	0.46	-0.67	-0.14	0.93	-1.25
vs ORL	0.10	0.14	-0.32	-1.31	-1.08	1.05	1.85	0.11	0.52
vs BOS	0.09	0.18	0.39	-1.02	0.51	-0.96	0.08	0.86	1.35
vs POR	0.01	-0.88	-0.29	-1.02	1.06	0.23	1.07	-0.26	0.23
vs WAS	-0.05	-0.23	-0.48	0.96	1.68	-1.46	1.08	-1.14	-0.87
vs CHA	-0.07	-0.54	0.26	1.95	-1.13	-0.72	-1.69	-0.44	1.69
vs NYK	-0.15	0.52	0.42	-1.35	-1.13	-0.19	0.71	0.42	0.91
vs DAL	-0.16	-0.81	-0.95	1.08	-0.04	-0.48	1.80	-0.97	-1.06
vs BKN	-0.16	-0.82	-0.56	-0.31	0.91	0.64	-0.67	-0.53	-0.11
vs PHI	-0.21	-0.32	-0.20	-0.38	0.14	-0.28	0.39	-0.21	-1.02
vs HOU	-0.23	-1.75	-1.47	-0.21	1.37	1.75	-0.92	-1.87	1.08
vs MIA	-0.23	0.56	-0.04	1.49	0.50	1.34	-1.24	-0.42	-2.51
vs ATL	-0.30	0.32	-0.23	1.47	-1.23	-2.53	-1.71	0.89	0.33
vs OKC	-0.35	-0.89	-1.01	-0.04	0.66	-0.19	-0.21	-0.82	-0.61
vs DET	-0.36	-0.52	-1.26	-1.13	-2.48	-0.20	1.42	-1.32	-1.38
vs LAL	-0.45	-1.21	-0.64	-0.57	-0.92	-0.04	0.03	-0.32	-0.31
vs NOR	-0.50	-1.05	-1.33	-0.74	-0.32	-0.40	0.20	-1.03	0.23
vs TOR	-0.62	-1.51	-1.18	-0.66	-1.62	-0.62	0.51	-0.91	0.47
vs MIL	-0.77	-1.17	-0.65	-2.04	0.13	0.20	-1.80	-0.75	-0.25
vs IND	-0.86	-1.05	-1.79	-0.21	-0.40	-1.03	-1.02	-1.02	-1.22

Settings

NBA 25-26

Past 2 Weeks
Ease for Selected Position 
C
vs Team	Value	pV	3V	rV	aV	sV	bV	fg%V	toV
vs MEM	1.07	2.46	3.05	-0.42	0.11	1.17	0.39	2.81	-0.04
vs CHI	0.95	2.39	1.64	-0.81	1.44	0.46	0.24	1.76	1.70
vs POR	0.56	0.24	0.70	-1.10	1.08	-0.21	2.30	0.59	0.44
vs SAS	0.44	0.93	1.33	0.51	0.54	-1.30	1.24	0.48	0.39
vs LAC	0.33	0.47	0.58	0.25	0.63	0.78	-0.34	-0.08	0.59
vs GSW	0.31	0.20	0.26	1.01	2.00	-0.70	0.29	0.70	-0.48
vs DEN	0.28	0.91	0.63	0.78	-0.59	-0.95	-0.48	1.09	1.38
vs BOS	0.26	0.21	0.91	-0.42	-0.56	-0.85	-0.55	0.51	1.60
vs ATL	0.25	0.28	-0.10	2.09	-0.01	-0.01	0.07	0.85	-0.13
vs BKN	0.18	-0.41	-0.63	0.15	0.83	1.01	-0.32	0.05	0.82
vs SAC	0.17	1.09	0.52	0.85	-1.81	1.57	1.18	-0.32	-0.23
vs DAL	0.16	-0.55	-0.76	2.59	-1.49	1.77	1.51	-0.84	-0.26
vs CLE	0.12	0.11	0.68	-0.87	0.91	0.74	-0.39	0.56	-0.60
vs PHO	0.09	0.36	0.30	1.08	0.38	-0.08	-1.58	0.26	0.29
vs WAS	0.07	-0.03	-0.76	0.15	0.99	-1.34	1.23	-0.54	0.79
vs NOR	0.04	-0.28	-0.79	0.85	0.15	0.29	1.07	-1.11	0.07
vs CHA	-0.04	-0.22	0.10	-0.59	-0.34	-1.00	-0.19	0.72	0.50
vs NYK	-0.05	0.19	-0.11	0.37	-1.43	-0.97	0.86	-0.10	0.94
vs UTA	-0.09	0.94	0.42	0.32	-0.24	-1.66	0.25	0.91	-1.01
vs MIN	-0.09	-0.25	0.37	0.09	-0.41	0.01	-1.38	0.00	0.32
vs ORL	-0.12	-0.67	-0.80	-0.72	-0.63	1.41	0.99	-0.33	0.26
vs PHI	-0.18	-0.72	-0.43	-0.78	-0.07	0.42	0.11	-0.56	-2.00
vs MIL	-0.26	-1.34	-0.78	-1.23	1.36	-1.00	-0.85	-0.32	0.39
vs MIA	-0.30	0.43	0.01	0.52	-0.56	0.39	-0.91	-0.55	-1.90
vs HOU	-0.31	-1.80	-1.25	-1.10	1.28	1.36	-0.74	-2.35	0.98
vs OKC	-0.33	-0.68	-0.93	0.66	0.02	0.11	-0.82	-0.98	-0.13
vs LAL	-0.41	-0.85	-0.78	-0.53	-0.60	0.78	-1.13	-0.18	-0.74
vs TOR	-0.79	-1.95	-1.52	-0.99	-1.90	0.17	0.17	-1.42	-0.13
vs DET	-0.86	-0.58	-0.14	-1.00	-1.28	-1.75	-0.14	-0.73	-2.00
vs IND	-1.44	-0.86	-1.72	-1.71	0.20	-0.61	-2.07	-0.90	-1.78

NBA 25-26

Full Season
Ease for Selected Position 
C
vs Team	Value	pV	3V	rV	aV	sV	bV	fg%V	toV
vs CHI	1.36	2.02	1.82	0.81	1.41	0.90	1.33	2.34	1.80
vs WAS	1.03	1.83	0.74	2.65	1.33	-0.31	1.63	0.90	0.63
vs POR	0.72	1.81	1.31	-0.71	0.74	0.70	2.78	0.77	-0.71
vs MEM	0.63	0.09	1.21	0.14	1.85	0.30	-0.02	-0.63	0.02
vs CHA	0.57	0.69	1.07	-1.40	0.95	-0.63	0.30	1.28	0.28
vs DEN	0.57	0.81	0.93	-0.39	-0.58	-0.59	-1.03	1.38	1.77
vs UTA	0.50	1.24	1.36	0.00	0.21	-0.70	1.29	0.51	0.75
vs SAC	0.27	0.37	-0.63	0.76	-1.04	1.64	0.97	0.12	0.44
vs DAL	0.12	0.23	-0.37	0.35	0.09	0.92	0.15	-0.84	0.71
vs CLE	0.11	-0.21	-0.24	0.86	0.78	2.85	-0.42	-0.28	-2.19
vs LAC	0.10	0.06	0.36	-0.69	-0.60	1.06	-0.82	0.33	1.36
vs BKN	0.04	0.04	-0.63	0.02	-0.85	0.23	-0.24	1.38	0.63
vs NOR	0.02	-0.01	-0.33	0.85	1.47	-0.09	1.15	-1.08	0.06
vs BOS	0.00	1.02	1.34	-0.41	-0.45	-2.06	-0.68	1.20	0.17
vs SAS	-0.06	0.21	0.36	-0.24	1.15	-0.92	-0.30	-1.13	0.50
vs NYK	-0.13	0.01	0.65	0.72	-2.09	-1.22	-0.50	1.05	0.40
vs PHI	-0.14	0.07	-0.14	0.45	-0.83	0.27	0.39	-0.70	-0.57
vs MIN	-0.15	0.66	0.48	-0.73	-0.63	-0.35	-0.82	0.68	-0.42
vs GSW	-0.17	-1.02	-0.48	0.83	1.20	-0.69	-0.60	-0.68	0.06
vs PHO	-0.24	-0.88	-0.60	0.44	0.54	0.37	0.03	-0.38	-1.52
vs OKC	-0.27	0.25	0.81	-0.16	-0.37	-0.33	-1.30	0.36	-1.48
vs DET	-0.27	-0.61	0.27	-1.09	-1.29	1.10	0.61	0.28	-1.52
vs MIL	-0.29	-0.61	-0.39	-0.75	0.07	-0.28	-1.58	0.26	0.83
vs ATL	-0.40	-1.28	-1.47	0.61	1.01	-0.17	-0.38	-1.51	-0.27
vs MIA	-0.44	-0.53	-0.54	1.44	-0.49	-0.04	0.00	-1.14	-0.94
vs IND	-0.62	-0.35	-1.64	0.18	-0.25	-1.53	-0.91	-0.97	0.04
vs HOU	-0.62	-0.93	-0.61	-2.60	-0.55	-0.11	-0.81	-1.29	1.47
vs TOR	-0.71	-1.64	-1.49	0.13	-1.22	-0.66	-0.02	-0.68	-0.67
vs LAL	-0.72	-1.72	-1.24	-1.55	-0.52	1.10	-1.25	-0.27	-0.89
vs ORL	-0.78	-1.62	-1.89	-0.51	-1.07	-0.77	1.04	-1.26	-0.74
