
Settings

NBA 25-26

Past 1 Week
Ease for Selected Position 
SG
vs Team	Value	pV	3V	rV	aV	sV	bV	fg%V	toV
vs POR	0.63	1.23	1.66	-0.88	1.17	1.70	0.76	0.75	-0.35
vs LAL	0.62	0.70	1.28	-1.16	-0.59	0.25	-0.89	1.93	0.79
vs MEM	0.58	-0.50	0.55	0.90	0.42	0.32	3.43	-0.28	0.74
vs NOR	0.47	0.80	0.61	0.22	0.71	1.19	0.02	1.01	0.04
vs PHO	0.44	0.56	0.62	0.70	-1.00	-0.76	-0.65	1.24	0.43
vs TOR	0.41	1.62	0.54	-0.28	0.09	-0.22	0.40	1.97	-0.12
vs OKC	0.39	0.70	0.94	-0.48	0.81	0.58	-0.14	1.37	0.07
vs BKN	0.36	1.22	1.11	0.04	0.28	-0.63	0.50	1.11	-0.05
vs CHI	0.33	0.54	-0.39	1.17	0.41	0.41	-0.14	0.66	0.64
vs DEN	0.24	-0.61	-0.65	1.76	0.95	0.96	0.03	-0.64	0.66
vs MIL	0.17	0.78	0.98	0.36	-0.20	0.61	-0.96	0.24	0.04
vs UTA	0.10	-0.31	0.20	-0.22	-0.78	0.84	1.54	-0.16	0.11
vs MIA	0.07	0.55	0.10	0.93	0.02	-0.14	-0.65	0.45	-0.29
vs ORL	-0.01	-1.61	-1.08	1.44	1.31	-1.12	0.90	0.39	0.04
vs BOS	-0.02	0.22	0.82	-1.65	-0.79	0.05	0.83	-0.21	0.88
vs SAC	-0.05	-0.01	-0.60	0.66	0.24	-0.68	-0.34	-0.57	1.20
vs CLE	-0.06	-0.30	0.16	-0.49	0.10	0.61	0.30	-0.63	0.06
vs NYK	-0.07	0.14	-0.12	1.07	0.08	-0.55	-0.73	0.07	-0.29
vs PHI	-0.11	-0.27	-1.06	0.79	0.87	0.48	-0.24	-1.34	0.12
vs HOU	-0.12	0.12	0.17	1.70	-1.57	-1.46	-0.64	-0.73	1.67
vs DAL	-0.13	0.04	-0.36	-1.31	0.81	0.51	-0.78	0.12	0.11
vs SAS	-0.13	-0.39	0.44	-0.36	-0.56	0.59	-0.81	0.00	0.22
vs WAS	-0.17	-0.61	-1.12	0.05	-0.65	0.91	-0.54	0.28	0.48
vs GSW	-0.32	-0.22	-0.82	-1.46	0.02	-0.02	1.35	-0.51	-0.88
vs IND	-0.34	0.02	-0.21	0.85	-1.33	-1.00	0.09	-0.49	-0.65
vs MIN	-0.38	0.31	-0.12	-1.24	1.22	-1.11	-1.34	-0.27	-0.52
vs LAC	-0.46	-0.38	-0.29	-0.73	-0.64	-0.64	-0.45	-0.38	-0.27
vs ATL	-0.61	-1.26	-1.32	-0.08	0.90	-1.62	0.44	-1.64	-0.60
vs CHA	-0.65	0.61	1.20	-0.96	-3.27	-2.20	0.40	-1.48	0.14
vs DET	-1.19	-3.73	-3.25	-1.36	0.96	2.16	-1.67	-2.24	-4.38

Settings

NBA 25-26

Past 2 Weeks
Ease for Selected Position 
SG
vs Team	Value	pV	3V	rV	aV	sV	bV	fg%V	toV
vs MEM	0.85	0.33	1.49	0.52	0.52	-0.07	2.63	0.38	-0.38
vs NOR	0.82	2.01	1.99	0.11	-0.15	0.86	0.84	1.58	-0.16
vs UTA	0.61	1.03	1.60	1.05	1.80	1.06	0.22	1.33	-0.67
vs DEN	0.53	0.72	0.42	1.58	-0.26	0.70	0.54	0.79	0.29
vs CHI	0.39	0.87	0.53	1.27	-0.33	-0.10	-0.14	0.04	0.90
vs DAL	0.35	-0.37	-0.25	-1.37	1.37	2.80	0.29	-0.08	1.68
vs IND	0.35	0.01	-0.71	0.34	1.33	0.37	1.42	0.30	0.01
vs LAL	0.28	0.45	0.63	-0.83	-0.85	0.44	-0.60	2.16	1.44
vs MIL	0.24	0.76	0.65	0.05	0.47	-0.30	-2.05	1.36	1.30
vs POR	0.21	0.48	0.66	-0.48	0.65	0.72	0.47	-0.65	-0.04
vs NYK	0.09	0.31	-0.42	0.76	-0.73	-0.15	0.30	-0.22	0.46
vs PHI	0.08	0.51	-0.94	0.39	1.20	0.04	-0.58	-0.35	-0.09
vs TOR	0.08	1.51	0.86	-0.41	-0.37	-1.14	0.17	0.75	-1.35
vs BKN	0.06	-0.24	0.03	-0.33	-0.18	0.64	0.15	0.14	0.35
vs WAS	0.05	0.62	-1.35	0.65	-0.36	1.63	-1.39	0.23	-0.72
vs PHO	0.01	0.42	1.00	-0.27	-1.82	-1.41	-0.42	0.61	-0.54
vs LAC	-0.01	0.34	-0.13	-1.38	0.19	0.06	-0.28	1.10	0.58
vs GSW	-0.08	0.60	-0.16	-0.64	1.00	-0.23	-0.22	1.03	-2.05
vs MIA	-0.11	0.66	-0.24	1.58	0.03	-0.39	0.26	-0.87	-0.08
vs HOU	-0.16	-1.02	-0.65	1.04	-0.76	-0.17	-0.77	-0.64	1.53
vs BOS	-0.18	-0.35	1.67	-0.73	-0.24	-1.68	0.99	-0.87	0.58
vs CLE	-0.19	-0.69	0.72	-1.39	0.22	0.38	0.51	0.03	-0.82
vs OKC	-0.22	-0.34	-0.34	-0.12	0.49	-1.10	1.02	-0.96	-0.82
vs SAC	-0.42	-0.89	-1.50	-0.19	-0.27	-0.80	-1.25	-1.45	2.04
vs DET	-0.47	-1.48	-0.67	-1.10	-2.14	1.34	1.66	0.13	-1.81
vs MIN	-0.47	0.34	-0.39	-1.35	0.52	-1.71	-1.13	-0.54	-0.39
vs ATL	-0.50	-0.73	-0.41	-1.03	-0.45	-0.24	0.22	-1.02	-1.25
vs ORL	-0.52	-2.39	-1.79	2.17	1.87	-0.77	-0.78	-0.90	-0.21
vs SAS	-0.62	-1.76	-0.68	1.01	-0.95	0.20	-1.25	-1.18	-0.17
vs CHA	-1.05	-1.73	-1.65	-0.92	-1.80	-0.99	-0.83	-2.23	0.40

Full Season
Ease for Selected Position 
SG
vs Team	Value	pV	3V	rV	aV	sV	bV	fg%V	toV
vs UTA	1.32	1.67	1.91	1.12	2.47	0.96	-0.55	1.67	-0.03
vs NOR	1.07	2.54	1.85	0.34	1.24	0.09	1.35	2.46	-0.20
vs DAL	0.51	-0.07	-0.48	2.25	-0.44	0.39	1.37	-0.13	1.70
vs WAS	0.48	0.47	0.35	0.06	0.75	1.39	-0.05	0.02	1.31
vs MIA	0.45	0.53	0.37	2.20	0.65	0.21	1.86	-1.68	-0.09
vs MEM	0.40	0.50	1.22	0.54	0.00	0.68	1.10	0.19	0.66
vs IND	0.26	0.26	-0.82	2.42	0.42	-0.33	0.20	0.16	0.06
vs MIL	0.23	0.53	1.36	0.07	-0.80	0.29	-1.11	0.86	0.85
vs NYK	0.17	0.21	0.28	-0.36	-1.54	-0.37	-0.16	0.03	0.87
vs ATL	0.17	1.42	1.51	-0.74	-0.50	0.75	-0.95	1.03	-0.95
vs CHI	0.11	-0.33	-0.46	-0.30	-0.32	0.99	0.16	-0.07	1.30
vs BKN	0.10	0.28	0.17	-0.99	1.11	1.07	-0.63	0.69	-0.76
vs SAC	0.06	-0.19	-0.30	1.04	0.96	-1.00	-0.01	-0.43	0.52
vs PHO	0.05	0.62	0.07	0.58	0.27	-0.14	-0.25	0.65	-1.30
vs LAL	0.03	1.25	0.69	-0.90	0.18	-0.50	-1.84	1.62	-0.23
vs TOR	0.03	0.03	-0.38	-0.14	-0.13	0.18	2.60	-0.56	-1.34
vs POR	0.01	0.01	-0.56	-0.16	1.53	1.73	-0.36	-0.55	-1.55
vs CLE	-0.03	0.52	0.30	-1.68	0.63	0.69	-0.69	0.48	-0.47
vs LAC	-0.04	-0.01	0.45	-0.65	-0.67	-0.10	-0.54	0.70	0.51
vs DEN	-0.04	0.20	0.39	-0.81	-0.27	-0.73	-0.01	0.17	0.72
vs PHI	-0.21	-0.41	-0.88	-0.13	1.06	-0.99	-0.82	-0.17	0.47
vs HOU	-0.26	-1.96	-0.87	-0.65	-1.25	0.98	0.96	-0.77	1.19
vs GSW	-0.34	-0.89	-1.06	0.17	0.42	-0.09	-0.50	-0.14	-0.99
vs SAS	-0.39	-0.51	-0.06	0.20	-0.65	-1.60	-0.53	-0.32	0.02
vs BOS	-0.43	-0.65	0.84	-0.33	-0.17	-2.92	-0.75	-0.35	0.47
vs OKC	-0.50	-0.78	0.30	0.02	-1.29	-0.87	0.73	-0.53	-2.06
vs ORL	-0.55	-0.92	-1.51	-0.31	-0.72	-1.09	0.54	0.13	-1.04
vs CHA	-0.72	-1.78	-2.02	-0.58	-0.97	0.26	-1.29	-1.39	1.32
vs MIN	-0.83	-1.89	-1.29	-0.97	0.21	-0.98	-0.76	-2.15	0.41
vs DET	-1.13	-0.65	-1.37	-1.29	-2.15	1.04	0.93	-1.62	-1.40

Settings

NBA 25-26

Past 1 Week
Ease for Selected Position 
SF
vs Team	Value	pV	3V	rV	aV	sV	bV	fg%V	toV
vs MIL	0.88	1.79	2.18	1.13	1.01	1.09	0.10	1.52	0.25
vs POR	0.87	1.52	1.90	0.51	0.45	1.99	0.22	1.17	0.06
vs BKN	0.69	0.66	0.47	0.71	0.34	0.48	1.80	0.81	0.93
vs WAS	0.62	0.05	0.73	0.38	0.50	1.27	-0.11	-0.45	0.90
vs MEM	0.57	0.67	-0.19	0.86	1.14	0.98	1.74	-0.56	0.44
vs DAL	0.40	0.28	0.68	0.06	1.44	0.01	-0.62	1.38	-1.50
vs LAL	0.24	0.80	0.37	-0.78	0.65	0.59	-1.15	0.90	0.75
vs UTA	0.19	0.11	0.10	-0.62	0.38	0.55	0.69	0.23	0.19
vs OKC	0.14	0.97	1.55	-1.50	0.85	-0.19	0.24	1.11	-1.82
vs BOS	0.13	-0.81	-0.25	0.07	-0.01	1.41	-0.45	0.29	0.85
vs CLE	0.11	0.97	1.18	-0.25	-0.20	-0.41	-0.68	0.26	0.08
vs NOR	0.09	0.71	0.45	0.38	-0.27	-0.90	-0.72	0.45	0.71
vs TOR	0.09	1.18	0.41	-1.06	0.21	-0.50	0.80	0.27	-0.55
vs GSW	0.05	-0.49	-0.20	-0.01	-0.45	0.25	0.28	-0.33	-0.68
vs MIN	0.04	0.40	0.73	-1.50	-0.29	0.31	-0.28	1.47	-0.56
vs MIA	0.02	0.88	0.39	0.45	-0.80	1.07	-1.37	0.81	-0.27
vs ORL	0.02	-2.21	-0.85	-0.19	1.54	-1.29	2.59	0.13	0.41
vs NYK	-0.10	-0.49	-0.59	2.32	0.62	-1.03	0.11	-0.12	0.06
vs SAS	-0.16	-0.37	0.11	-1.04	-0.68	-0.02	0.38	0.14	-0.01
vs ATL	-0.17	-0.20	-0.23	-0.09	0.57	-0.85	0.51	-0.24	-1.08
vs HOU	-0.18	0.51	0.19	-0.71	-0.39	-0.42	-1.23	-0.35	0.74
vs LAC	-0.18	-0.74	-0.76	-0.35	0.15	-0.09	0.10	-0.43	0.45
vs DEN	-0.21	-0.28	-0.26	0.23	-1.13	-0.29	0.17	-0.15	-0.27
vs PHO	-0.38	-1.68	-1.26	-0.16	0.82	-0.62	-0.38	-1.63	1.47
vs CHI	-0.47	-1.27	-1.80	0.50	-0.20	-0.05	-0.04	-1.52	0.09
vs CHA	-0.54	0.92	0.21	-2.19	-1.28	-2.58	-1.87	0.09	1.81
vs IND	-0.54	-0.24	-1.21	1.90	-1.90	0.48	0.35	-0.98	0.02
vs SAC	-0.61	-1.11	-1.25	-0.75	-0.51	-1.34	-0.07	-1.11	0.59
vs PHI	-0.63	-1.63	-1.96	1.61	0.62	-1.19	0.80	-3.03	-0.93
vs DET	-0.96	-0.92	-0.85	0.10	-3.17	1.29	-1.87	-0.12	-3.12

Settings

NBA 25-26

Past 2 Weeks
Ease for Selected Position 
SF
vs Team	Value	pV	3V	rV	aV	sV	bV	fg%V	toV
vs POR	1.21	1.27	1.34	0.29	0.41	1.91	0.21	0.65	-0.49
vs BKN	0.78	1.05	0.64	1.36	0.21	0.87	1.68	0.69	0.67
vs MEM	0.75	1.83	1.35	0.46	0.85	0.70	1.16	0.72	-0.14
vs DAL	0.66	0.69	1.03	-0.12	2.30	0.65	0.81	1.41	-0.66
vs WAS	0.53	1.45	0.83	-0.24	0.68	2.68	-1.41	0.75	0.21
vs UTA	0.47	0.54	0.76	-0.07	1.80	0.94	-0.68	0.77	0.35
vs CLE	0.30	1.07	1.57	1.53	-0.23	-0.59	-1.43	0.71	0.21
vs OKC	0.29	1.42	2.07	-0.37	-0.79	-0.40	2.33	1.24	-2.74
vs NOR	0.28	0.48	0.45	0.34	0.75	-0.19	0.33	-0.17	0.73
vs LAL	0.23	1.43	0.07	-1.24	0.31	0.13	-1.42	1.43	1.56
vs ATL	0.21	-0.19	-0.39	0.87	1.03	0.43	1.36	0.28	-1.30
vs LAC	0.07	-0.14	-0.86	-0.31	0.25	-0.13	0.59	0.52	0.93
vs MIN	0.05	0.47	0.87	-1.63	-0.76	-0.20	0.07	1.72	0.12
vs ORL	0.05	-0.34	0.45	-0.42	1.31	-0.93	0.09	0.81	-0.33
vs MIL	0.04	0.10	0.35	1.30	0.18	-0.38	-1.37	0.27	0.05
vs MIA	0.02	0.18	0.32	0.92	-0.82	1.31	-0.65	-0.25	-0.64
vs DEN	-0.03	0.04	-0.47	-0.29	-0.15	-0.11	1.01	-0.37	0.22
vs NYK	-0.07	-0.49	-0.64	1.05	0.07	-0.17	-0.57	0.15	0.14
vs SAS	-0.16	-0.32	0.34	-0.29	-0.76	-0.74	0.48	0.50	-0.73
vs BOS	-0.24	-1.31	-0.38	-0.17	-0.61	-0.42	1.11	-1.60	1.38
vs IND	-0.27	-0.62	-1.24	2.33	-1.56	-0.02	-0.21	-1.21	0.34
vs CHI	-0.36	-0.77	-0.61	0.32	-0.74	-0.84	-0.48	-1.36	1.39
vs TOR	-0.38	0.38	0.36	-0.86	-0.21	-0.80	-0.36	-0.42	-1.35
vs GSW	-0.43	-0.75	-1.26	0.83	-0.45	-0.80	0.09	-0.86	-0.53
vs CHA	-0.49	-0.49	-0.51	-1.63	-1.66	-0.79	0.19	-0.71	1.35
vs HOU	-0.56	-1.21	-1.42	-1.17	-0.37	0.57	-1.18	-0.93	0.87
vs DET	-0.69	-1.50	-0.97	-1.65	-2.11	1.54	0.47	-0.10	-1.73
vs PHI	-0.71	-0.89	-1.72	-0.46	1.39	-1.30	-0.13	-2.02	-1.06
vs PHO	-0.72	-1.62	-0.83	0.38	-0.03	-1.54	-1.56	-1.48	0.40
vs SAC	-0.79	-1.76	-1.50	-1.06	-0.31	-1.40	-0.54	-1.16	0.79

Full Season
Ease for Selected Position 
SF
vs Team	Value	pV	3V	rV	aV	sV	bV	fg%V	toV
vs NOR	1.07	2.05	2.03	-0.48	1.01	0.40	1.62	2.57	0.68
vs UTA	0.90	1.57	1.03	0.23	2.57	0.69	-0.02	1.40	0.84
vs WAS	0.83	0.53	0.34	0.76	1.78	2.33	0.58	0.27	1.12
vs ATL	0.59	1.45	1.25	1.01	0.94	0.89	0.00	1.04	-1.01
vs POR	0.53	0.78	-0.18	1.99	0.73	1.45	1.17	-0.43	-0.48
vs MEM	0.42	0.21	0.85	0.82	-0.47	0.32	2.26	0.05	0.01
vs MIA	0.32	0.72	1.20	0.55	-0.94	0.71	1.18	0.41	-0.71
vs DEN	0.31	0.35	0.33	-0.92	0.29	-0.26	1.93	0.12	1.16
vs LAL	0.25	2.06	0.85	-0.31	-0.19	-0.51	-0.69	1.11	0.22
vs MIL	0.22	0.18	0.29	1.36	0.09	0.23	-0.68	-0.22	1.00
vs BKN	0.18	0.63	0.10	-0.49	0.90	0.49	-0.46	0.69	0.01
vs CLE	0.16	0.41	0.63	0.71	-0.39	0.07	-0.52	1.27	-0.47
vs CHI	0.00	-0.56	-0.60	0.68	0.01	-0.32	0.67	-0.37	0.75
vs OKC	0.00	-0.53	1.05	0.69	-0.31	-1.35	0.09	-0.56	-2.10
vs IND	0.00	0.31	-0.88	1.67	-1.23	-0.64	-0.24	0.65	0.57
vs CHA	-0.03	0.09	0.01	-1.12	0.09	-0.59	-0.60	0.70	1.42
vs DAL	-0.04	-1.07	-1.00	1.11	0.37	0.84	-0.21	-1.55	1.42
vs NYK	-0.13	0.89	1.71	-1.23	-0.70	-1.15	-0.82	1.07	-0.65
vs LAC	-0.13	-0.62	-0.14	-0.98	-0.77	0.08	0.39	0.44	0.67
vs SAC	-0.21	0.19	-0.56	-0.16	2.02	-1.18	-1.45	-0.10	-0.36
vs BOS	-0.22	-0.71	0.52	0.38	-0.57	-2.20	-1.33	-1.39	0.41
vs HOU	-0.39	-0.85	-0.56	-2.27	-0.96	1.22	0.23	-0.06	1.52
vs SAS	-0.43	-0.72	0.26	-1.52	-0.58	-0.71	-0.69	0.12	0.27
vs MIN	-0.50	-0.93	-0.96	0.23	-0.41	-0.58	-0.44	-1.00	-0.16
vs ORL	-0.51	-1.27	-1.24	-0.46	-1.11	-0.91	0.60	-0.21	0.23
vs GSW	-0.60	-1.64	-1.64	-0.62	-0.03	0.41	-2.04	-1.33	-1.03
vs TOR	-0.62	-1.40	-1.18	-0.58	-0.53	0.58	0.99	-1.38	-1.84
vs PHO	-0.63	-0.74	-0.51	0.32	-0.55	-0.16	-0.95	-1.40	-1.40
vs PHI	-0.66	-1.12	-1.77	-0.29	0.78	-1.52	-0.48	-0.82	-0.49
vs DET	-0.68	-0.26	-1.23	-1.07	-1.86	1.36	-0.13	-1.08	-1.61
